0.897222222222222
0.977777777777778
1
0.991666666666667
1.01234567901235
0.965432098765432
1.02345679012346
0.977777777777778
0.965432098765432
1
0.965432098765432
1.00123456790123
0.966666666666667
0.966666666666667
0.988888888888889
0.954320987654321
0.988888888888889
0.966666666666667
0.977777777777778
0.966666666666667
0.944444444444444
1.02345679012346
0.966666666666667
0.972222222222222
0.988888888888889
1.01234567901235
1.00123456790123
0.955555555555556
0.966666666666667
0.977777777777778
0.677777777777778
0.720987654320988
0.919753086419753
0.987654320987654
0.990123456790123
0.977777777777778
0.944444444444444
0.988888888888889
0.988888888888889
0.966666666666667
1
0.966666666666667
1.01111111111111
1.01388888888889
0.964197530864198
1.01111111111111
0.975308641975309
1.00246913580247
0.988888888888889
0.932098765432099
1
0.953086419753086
1.01234567901235
0.977777777777778
1
1
0.976543209876543
0.977777777777778
0.977777777777778
1
0.977777777777778
0.955555555555556
0.988888888888889
0.963888888888889
0.988888888888889
1.00123456790123
0.988888888888889
0.988888888888889
0.966666666666667
0.944444444444444
0.988888888888889
0.966666666666667
1.01234567901235
0.988888888888889
0.966666666666667
0.966666666666667
1
0.977777777777778
0.988888888888889
1.01111111111111
0.965432098765432
0.966666666666667
1.02623456790123
0.977777777777778
0.973765432098765
0.988888888888889
1.00123456790123
0.986111111111111
1.00277777777778
0.955555555555556
0.988888888888889
1
0.976543209876543
0.965432098765432
1
0.98641975308642
1
0.954320987654321
0.987654320987654
0.966666666666667
0.988888888888889
0.988888888888889
0.964197530864198
0.966666666666667
0.988888888888889
0.977777777777778
0.988888888888889
0.977777777777778
0.976543209876543
1
1.01234567901235
0.966975308641975
0.977777777777778
0.988888888888889
0.94320987654321
1
1
0.977777777777778
0.976543209876543
1
0.988888888888889
1
0.977777777777778
0.966666666666667
0.966666666666667
0.988888888888889
0.988888888888889
1.02345679012346
0.964197530864198
1.0047619047619
0.977777777777778
1
0.966666666666667
0.988888888888889
0.990123456790123
1.00123456790123
0.966666666666667
0.988888888888889
0.987654320987654
1
0.966666666666667
0.966666666666667
1
0.988888888888889
0.964197530864198
1.00123456790123
0.964197530864198
0.977777777777778
0.977777777777778
1
0.966666666666667
0.988888888888889
0.988888888888889
0.988888888888889
0.977777777777778
0.988888888888889
0.976543209876543
0.944444444444444
0.988888888888889
0.977777777777778
0.988888888888889
0.988888888888889
0.977777777777778
0.977777777777778
0.988888888888889
0.976543209876543
0.988888888888889
0.988888888888889
0.990123456790123
0.954320987654321
0.988888888888889
0.988888888888889
0.955555555555556
0.988888888888889
0.988888888888889
0.966666666666667
0.988888888888889
1.00277777777778
0.966666666666667
