Time	Rate1	Rate2
1	0.897222222	0.897222222
2	0.977777778	0.977777778
3	1	1
4	0.991666667	0.991666667
5	1.012345679	1.012345679
6	0.965432099	0.965432099
7	1.02345679	1.02345679
8	0.977777778	0.977777778
9	0.965432099	0.965432099
10	1	1
11	0.965432099	0.965432099
12	1.001234568	1.001234568
13	0.966666667	0.966666667
14	0.966666667	0.966666667
15	0.988888889	0.988888889
16	0.954320988	0.954320988
17	0.988888889	0.988888889
18	0.977777778	0.966666667
19	0.977777778	0.977777778
20	0.966666667	0.966666667
21	0.944444444	0.944444444
22	1.02345679	1.02345679
23	0.966666667	0.966666667
24	0.972222222	0.972222222
25	0.988888889	0.988888889
26	1.012345679	1.012345679
27	1.001234568	1.001234568
28	0.955555556	0.955555556
29	0.966666667	0.966666667
30	0.977777778	0.977777778
31	0.677777778	0.677777778
32	0.544444444	0.666666667
33	0.539506173	0.954320988
34	0.52345679	0.965432099
35	0.361728395	1
36	0.30617284	0.966666667
37	0.245679012	0.977777778
38	0.335802469	0.955555556
39	0.422222222	0.988888889
40	0.456790123	0.966666667
41	0.27037037	0.977777778
42	0.344444444	1
43	0.149382716	0.988888889
44	0.022222222	1.036111111
45	0.411111111	0.965432099
46	0.450617284	0.988888889
47	0.569135802	0.988888889
48	0.466666667	1.001234568
49	0.444444444	0.966666667
50	0.433333333	0.966666667
51	0.101234568	0.975308642
52	0.011111111	0.97654321
53	0.011111111	0.988888889
54	0.122222222	1.001234568
55	0.433333333	1
56	0.643209877	1.002777778
57	0.490123457	0.977777778
58	0.455555556	0.987654321
59	0.456790123	0.955555556
60	0.311111111	0.988888889
61	0.045679012	0.988888889
62	0	0.977777778
63	0.067901235	1.001234568
64	0.211111111	0.966666667
65	0.422222222	0.97654321
66	0.567901235	1
67	0.522222222	0.977777778
68	0.5	1
69	0.444444444	0.977777778
70	0.355555556	0.922222222
71	0.174074074	0.988888889
72	0	0.988888889
73	0.1	0.988888889
74	0.345679012	0.977777778
75	0.688888889	0.966666667
76	0.522222222	0.988888889
77	0.5	0.988888889
78	0.413580247	0.988888889
79	0.322222222	1.001234568
80	0.102469136	0.988888889
81	0	0.97654321
82	0.011111111	0.988888889
83	0.354320988	0.975308642
84	0.603703704	1
85	0.555555556	0.984876543
86	0.454320988	0.988888889
87	0.455555556	1.001234568
88	0.433333333	0.975
89	0.351851852	1.00154321
90	0	0.955555556
91	0.02345679	0.988888889
92	0.160493827	1.011111111
93	0.177777778	0.940740741
94	0.611111111	1.012345679
95	0.511111111	0.987654321
96	0.388888889	0.965432099
97	0.498765432	1.02345679
98	0.522222222	0.988888889
99	0.522222222	0.95308642
100	0.588888889	0.954320988
101	0.5	0.988888889
102	0.4	0.988888889
103	0.477777778	0.966666667
104	0.269135802	0.987654321
105	0.111111111	0.966666667
106	0.665432099	0.977777778
107	0.655555556	0.988888889
108	0.555555556	0.95308642
109	0.477777778	1
110	0.444444444	1.011111111
111	0.366666667	0.988888889
112	0.044444444	0.988888889
113	0.011111111	0.977777778
114	0.144444444	0.977777778
115	0.266666667	0.977777778
116	0.433333333	0.966666667
117	0.544444444	1
118	0.444444444	0.977777778
119	0.430864198	0.988888889
120	0.343209877	1
121	0	0.988888889
122	0.077777778	0.988888889
123	0.167901235	0.988888889
124	0.211111111	1.001234568
125	0.588888889	0.919753086
126	0.533333333	0.988888889
127	0.522222222	0.988888889
128	0.287654321	1.02345679
129	0.188888889	0.975308642
130	0.122222222	0.977777778
131	0	0.988888889
132	0.203703704	1
133	0.4	0.966666667
134	0.333333333	0.977777778
135	0.622222222	1.012345679
136	0.5	1.001234568
137	0.522222222	0.966666667
138	0.288888889	0.97654321
139	0.290123457	1.011111111
140	0.355555556	0.977777778
141	0.220987654	0.966666667
142	0.37037037	0.987654321
143	0.311111111	0.988888889
144	0.469135802	0.987654321
145	0.577777778	0.97654321
146	0.444444444	0.97654321
147	0.266666667	0.988888889
148	0.211111111	0.977777778
149	0.288888889	0.988888889
150	0.2	0.988888889
151	0.888888889	0.966666667
152	0.988888889	0.977777778
153	0.988888889	1
154	1	0.990123457
155	0.988888889	0.988888889
156	1	0.991666667
157	0.988888889	0.940740741
158	0.966666667	0.977777778
159	1	0.988888889
160	0.988888889	0.990123457
161	1.012345679	0.966666667
162	0.988888889	0.988888889
163	0.987654321	0.979012346
164	1.001234568	0.977777778
165	0.965432099	1.011111111
166	0.97654321	0.95308642
167	1	1
168	0.988888889	0.988888889
169	0.988888889	0.990123457
170	0.940740741	0.97654321
171	1.022222222	0.955555556
172	0.988888889	1.001234568
173	0.979012346	0.955555556
174	0.987654321	0.990123457
175	1.02345679	0.977777778
176	0.955555556	1
177	0.988888889	0.966666667
178	0.988888889	1.013888889
179	0.988888889	0.955555556
